611054701,
            611054712,
            611054723,
            611054734,
            611054745,
            611054756,
            611054767,
            611054778,
            611054789,
            611054800,
            611054811,
            611054822,
            611054833,
            611054844,
            611054855,
            611054866,
            611054877,
            611054888,
            611054899,
            611054910,
            611054921,
            611054932,
            611054943,
            611054954,
            611054965,
            611054976,
            611054987,
            611054998,
            611055009,
            611055020,
            611055031,
            611055042,
            611055053,
            611055064,
            611055075,
            611055086,
            611055097,
            611055108,
            611055119,
            611055130,
            611055141,
            611055152,
            611055163,
            611055174,
            611055185,
            611055196,
            611055207,
            611055218,
            611055229,
            611055240,
            611055251,
            611055262,
            611055273,
            611055284,
            611055295,
            611055306,
            611055317,
            611055328,
            611055339,
            611055350,
            611055361,
            611055372,
            611055383,
            611055394,
            611055405,
            611055416,
            611055427,
            611055438,
            611055449,
            611055460,
            611055471,
            611055482,
            611055493,
            611055504,
            611055515,
            611055526,
            611055537,
            611055548,
            611055559,
            611055570,
            611055581,
            611055592,
            611055603,
            611055614,
            611055625,
            611055636,
            611055647,
            611055658,
            612236147,
            612236158,
            612236169,
            612236180,
            612236191,
            612236202,
            612236213,
            612236224,
            612236235,
            612236246,
            612236257,
            612236268,
            612236279,
            612236290,
            612236301,
            612236312,
            612236323,
            612236334,
            612236345,
            612236356,
            612236367,
            612236378,
            612236389,
            612236400,
            612236411,
            612236422,
            612236433,
            612236444,
            612236455,
            612236466,
            612236477,
            612236488,
            612236499,
            612236510,
            612236521,
            612236532,
            612236543,
            612236554,
            612236565,
            612236576,
            612236587,
            612236598,
            612236609,
            612236620,
            612236631,
            612236642,
            612236653,
            612236664,
            612236675,
            612236686,
            612236697,
            612236708,
            612236719,
            612236730,
            612236741,
            612236752,
            612236763,
            612236774,
            612236785,
            612236796,
            612236807,
            612236818,
            612236829,
            612236840,
            612236851,
            612236862,
            612236873,
            612236884,
            612236895,
            612236906,
            612236917,
            612236928,
            612236939,
            612236950,
            612236961,
            612236972,
            612236983,
            612236994,
            612237005,
            612237016,
            612237027,
            612237038,
            612237049,
            612237060,
            612237071,
            612237082,
            612237093,
            612237104,
            612273791,
            612273802,
            612273813,
            612273824,
            612273835,
            612273846,
            612273857,
            612273868,
            612273879,
            612273890,
            612273901,
            612273912,
            612273923,
            612273934,
            612273945,
            612273956,
            612273967,
            612273978,
            612273989,
            612274000,
            612274011,
            612274022,
            612274033,
            612274044,
            612274055,
            612274066,
            612274077,
            612274088,
            612274099,
            612274110,
            612274121,
            612274132,
            612274143,
            612274154,
            612274165,
            612274176,
            612274187,
            612274198,
            612274209,
            612274220,
            612274231,
            612274242,
            612274253,
            612274264,
            612274275,
            612274286,
            612274297,
            612274308,
            612274319,
            612274330,
            612274341,
            612274352,
            612274363,
            612274374,
            612274385,
            612274396,
            612274407,
            612274418,
            612274429,
            612274440,
            612274451,
            612274462,
            612274473,
            612274484,
            612274495,
            612274506,
            612274517,
            612274528,
            612274539,
            612274550,
            612274561,
            612274572,
            612274583,
            612274594,
            612274605,
            612274616,
            612274627,
            612274638,
            612274649,
            612274660,
            612274671,
            612274682,
            612274693,
            612274704,
            612274715,
            612274726,
            612274737,
            612274853,
            612274864,
            612274875,
            612274886,
            612274897,
            612274908,
            612274919,
            612274930,
            612274941,
            612274952,
            612274963,
            612274974,
            612274985,
            612274996,
            612275007,
            612275018,
            612275029,
            612275040,
            612275051,
            612275062,
            612275073,
            612275084,
            612275095,
            612275106,
            612275117,
            612275128,
            612275139,
            612275150,
            612275161,
            612275172,
            612275183,
            612275194,
            612275205,
            612275216,
            612275227,
            612275238,
            612275249,
            612275260,
            612275271,
            612275282,
            612275293,
            612275304,
            612275315,
            612275326,
            612275337,
            612275348,
            612275359,
            612275370,
            612275381,
            612275392,
            612275403,
            612275414,
            612275425,
            612275436,
            612275447,
            612275458,
            612275469,
            612275480,
            612275491,
            612275502,
            612275513,
            612275524,
            612275535,
            612275546,
            612275557,
            612275568,
            612275579,
            612275590,
            612275601,
            612275612,
            612275623,
            612275634,
            612275645,
            612275656,
            612275667,
            612275678,
            612275689,
            612275700,
            612275711,
            612275722,
            612275733,
            612275744,
            612275755,
            612275766,
            612275777,
            612275788,
            612275799,
            612275915,
            612275926,
            612275937,
            612275948,
            612275959,
            612275970,
            612275981,
            612275992,
            612276003,
            612276014,
            612276025,
            612276036,
            612276047,
            612276058,
            612276069,
            612276080,
            612276091,
            612276102,
            612276113,
            612276124,
            612276135,
            612276146,
            612276157,
            612276168,
            612276179,
            612276190,
            612276201,
            612276212,
            612276223,
            612276234,
            612276245,
            612276256,
            612276267,
            612276278,
            612276289,
            612276300,
            612276311,
            612276322,
            612276333,
            612276344,
            612276355,
            612276366,
            612276377,
            612276388,
            612276399,
            612276410,
            612276421,
            612276432,
            612276443,
            612276454,
            612276465,
            612276476,
            612276487,
            612276498,
            612276509,
            612276520,
            612276531,
            612276542,
            612276553,
            612276564,
            612276575,
            612276586,
            612276597,
            612276608,
            612276619,
            612276630,
            612276641,
            612276652,
            612276663,
            612276674,
            612276685,
            612276696,
            612276707,
            612276718,
            612276729,
            612276740,
            612276751,
            612276762,
            612276773,
            612276784,
            612276795,
            612276806,
            612276817,
            612276828,
            612276839,
            612276850,
            612276861,
            612341445,
            612341456,
            612341467,
            612341478,
            612341489,
            612341500,
            612341511,
            612341522,
            612341533,
            612341544,
            612341555,
            612341566,
            612341577,
            612341588,
            612341599,
            612341610,
            612341621,
            612341632,
            612341643,
            612341654,
            612341665,
            612341676,
            612341687,
            612341698,
            612341709,
            612341720,
            612341731,
            612341742,
            612341753,
            612341764,
            612341775,
            612341786,
            612341797,
            612341808,
            612341819,
            612341830,
            612341841,
            612341852,
            612341863,
            612341874,
            612341885,
            612341896,
            612341907,
            612341918,
            612341929,
            612341940,
            612341951,
            612341962,
            612341973,
            612341984,
            612341995,
            612342006,
            612342017,
            612342028,
            612342039,
            612342050,
            612342061,
            612342072,
            612342083,
            612342094,
            612342105,
            612342116,
            612342127,
            612342138,
            612342149,
            612342160,
            612342171,
            612342182,
            612342193,
            612342204,
            612342215,
            612342226,
            612342237,
            612342248,
            612342259,
            612342270,
            612342281,
            612342292,
            612342303,
            612342314,
            612342325,
            612342336,
            612342347,
            612342358,
            612342369,
            612342380,
            612342391,
            612342402,
            612393270,
            612393281,
            612393292,
            612393303,
            612393314,
            612393325,
            612393336,
            612393347,
            612393358,
            612393369,
            612393380,
            612393391,
            612393402,
            612393413,
            612393424,
            612393435,
            612393446,
            612393457,
            612393468,
            612393479,
            612393490,
            612393501,
            612393512,
            612393523,
            612393534,
            612393545,
            612393556,
            612393567,
            612393578,
            612393589,
            612393600,
            612393611,
            612393622,
            612393633,
            612393644,
            612393655,
            612393666,
            612393677,
            612393688,
            612393699,
            612393710,
            612393721,
            612393732,
            612393743,
            612393754,
            612393765,
            612393776,
            612393787,
            612393798,
            612393809,
            612393820,
            612393831,
            612393842,
            612393853,
            612393864,
            612393875,
            612393886,
            612393897,
            612393908,
            612393919,
            612393930,
            612393941,
            612393952,
            612393963,
            612393974,
            612393985,
            612393996,
            612394007,
            612394018,
            612394029,
            612394040,
            612394051,
            612394062,
            612394073,
            612394084,
            612394095,
            612394106,
            612394117,
            612394128,
            612394139,
            612394150,
            612394161,
            612394172,
            612394183,
            612394194,
            612394205,
            612394216,
            612394227,
            612538972,
            612538983,
            612538994,
            612539005,
            612539016,
            612539027,
            612539038,
            612539049,
            612539060,
            612539071,
            612539082,
            612539093,
            612539104,
            612539115,
            612539126,
            612539137,
            612539148,
            612539159,
            612539170,
            612539181,
            612539192,
            612539203,
            612539214,
            612539225,
            612539236,
            612539247,
            612539258,
            612539269,
            612539280,
            612539291,
            612539302,
            612539313,
            612539324,
            612539335,
            612539346,
            612539357,
            612539368,
            612539379,
            612539390,
            612539401,
            612539412,
            612539423,
            612539434,
            612539445,
            612539456,
            612539467,
            612539478,
            612539489,
            612539500,
            612539511,
            612539522,
            612539533,
            612539544,
            612539555,
            612539566,
            612539577,
            612539588,
            612539599,
            612539610,
            612539621,
            612539632,
            612539643,
            612539654,
            612539665,
            612539676,
            612539687,
            612539698,
            612539709,
            612539720,
            612539731,
            612539742,
            612539753,
            612539764,
            612539775,
            612539786,
            612539797,
            612539808,
            612539819,
            612539830,
            612539841,
            612539852,
            612539863,
            612539874,
            612539885,
            612539896,
            612539907,
            612539918,
            612539929